,N,i2f,numba,cupy,segyio
0,0,1.484745000003126e-05,2.3975179938133804e-05,0.00031589542006258856,1.1534459999893443e-05
1,10,6.49066371423552e-05,0.00015059260003909004,0.0001333637200150406,0.0001455464400009987
2,20,9.618200714287793e-05,0.00023124596002162433,0.00015405827994982246,0.00020645451999826034
3,30,0.00014571286142914426,0.00026245376000588294,0.0001828628398652654,0.0002989852999985487
4,40,0.0001940765214288019,0.0003193949998967582,0.00020552004003548062,0.00036153992000208745
5,50,0.0002482982114276768,0.00038395617993955964,0.00024237507990619635,0.0005013036799982729
6,60,0.0002943343742858165,0.00045763144000375176,0.00027599085988185836,0.0005734369799984052
7,70,0.0003431914271426909,0.0005315988200891297,0.00030914790004317184,0.0009023736400013149
8,80,0.0003880513171426563,0.0006288704799953848,0.00035080858004221227,0.0007627898000009736
9,90,0.0004372132971437688,0.0006893648599361768,0.0004041469999356196,0.0008960413599993444
10,100,0.0004885835600004742,0.0007834950999676949,0.0004284074599854648,0.0008830514999976913
11,110,0.0005443046142850757,0.0008603030799713451,0.00048132630006875843,0.000961968619999425
12,120,0.0005874655428572493,0.0009374014999775683,0.0005500431600376032,0.0011670922000007523
13,130,0.0006358755928561419,0.0010454028599633603,0.0005634658000053605,0.001267330939997464
14,140,0.000688274001429688,0.0010805885999434395,0.0005959906600764952,0.001318695539998771
15,150,0.0007326372271433814,0.001180684359933366,0.0006177319599373731,0.0013183902400010084
16,160,0.0007814437228574077,0.0012536566400376615,0.0006550048799545038,0.0020954935199983993
17,170,0.0008321978185728897,0.0013231985599850304,0.0006818332999682752,0.002039230580003277
18,180,0.0008830976400011943,0.0014091031199495775,0.000730899760092143,0.0016427310999961263
19,190,0.0009227058885712073,0.0014832134001335363,0.0007622747800633079,0.0016640423399985594
20,200,0.0009745572257153461,0.001602495360057219,0.0008059047000278952,0.0025186288399982005
21,210,0.001028458898572353,0.0016405734400905202,0.000907688059960492,0.002317707419999806
22,220,0.001075614324284808,0.0017247576801310061,0.0008672088599996641,0.0019509442200001104
23,230,0.0011230281257147516,0.00182306331997097,0.0009119490799639607,0.0020817031399997174
24,240,0.0011724012771440228,0.0018713506399944892,0.0009509869400062598,0.0021263468999973157
25,250,0.0012134520999987736,0.0019649727200885536,0.001028260240054806,0.002362513579998904
26,260,0.00126611522285592,0.0020793913801026064,0.001003567740044673,0.002743129719999615
27,270,0.001321186688572717,0.0020748163400276095,0.0010459453799558105,0.0024063855400004285
28,280,0.0013734325542853704,0.0021118478599237277,0.0010736382799950662,0.0025545998399979907
29,290,0.0013876079985714438,0.0021451449800952106,0.0011326675599411828,0.0025380943799996206
30,300,0.0014201526128577566,0.00219830036003259,0.001191453479914344,0.003199782540000342
31,310,0.0014494552728566697,0.0022584371198900045,0.0012688843599607934,0.0028305058199998715
32,320,0.001483685950000628,0.0022495033000450347,0.001252051580013358,0.0034699075999992607
33,330,0.0015086210314276677,0.0022512884000752817,0.0013215443799708738,0.0032225268000024695
34,340,0.0015487905757143902,0.0022714078599528876,0.0013220843000453896,0.0032318998400023705
35,350,0.0015896322799998028,0.0023553558599815005,0.0013553786799457156,0.003102480220002235
36,360,0.0016153090642858712,0.002326269639961538,0.0013786859600804747,0.004437834500001827
37,370,0.0016410381071422567,0.0023537352200219174,0.0014727120400493733,0.00382455812000444
38,380,0.0016793700257130696,0.002370838640126749,0.0016199942200182706,0.0038477790199999617
39,390,0.0017199507214289561,0.002456730080011766,0.0015048053400823847,0.0033667339399994487
40,400,0.0017300134771442443,0.00242116649998934,0.0015495800999633502,0.003737193279998792
41,410,0.0017822257357140968,0.0024468825999792903,0.0016037607000180289,0.0035850839199974872
42,420,0.001802068245714119,0.002528469660101109,0.0017446506799751662,0.003949355900001592
43,430,0.0018480913071425675,0.002592062400071882,0.0017635875000996746,0.003668523220001134
44,440,0.0018682201314283834,0.0025188418999459827,0.0017743128600704948,0.005035769399999026
45,450,0.0019124006242847308,0.002557030640018638,0.0017391205999592783,0.003949599200000193
46,460,0.0019379137699992758,0.002575360880073276,0.0017665819000103511,0.005552161919997615
47,470,0.0019736840542853838,0.0026711741599865493,0.001808510920018307,0.004208199899996998
48,480,0.0019991417271428094,0.0026511305800522673,0.0018470269800309324,0.004413414960004048
49,490,0.002051863654284846,0.0026790744200116024,0.0019240917199203976,0.0047572021199994196
50,500,0.00207186811000156,0.00269585078000091,0.0019447244000912179,0.004410504679999576
51,510,0.002110865874286511,0.0027861459800624286,0.001965499200014165,0.005620569939999313
52,520,0.002132484111428182,0.0027554561799479414,0.001993521100084763,0.005682323519999954
53,530,0.002161842400000101,0.0027579198199237,0.00205341855995357,0.00488067823999927
54,540,0.002216597195714972,0.0028484071799903176,0.002217512999995961,0.004995070180000312
55,550,0.0022383501985723344,0.0028150538199406584,0.0021917499801202213,0.005271298979998847
56,560,0.0022596135542861315,0.002832217960021808,0.002135945039917715,0.005248639480000748
57,570,0.0022917554971438998,0.002854425679979613,0.0021695171199826294,0.004907163459999992
58,580,0.0023230388842869487,0.0029381479601579487,0.0021962778999295553,0.005655635359998997
59,590,0.0023620465071410635,0.0029009531200426862,0.0024059557799773756,0.005822386779998396
60,600,0.002403764102857297,0.0029221549799694916,0.0022650269800942625,0.005700547479998477
61,610,0.0024311373157154645,0.0030276189800497377,0.0023046317599801115,0.0058589340399998946
62,620,0.0024710540714282356,0.0030446045999997294,0.0024175203799677546,0.0068629356400015246
63,630,0.0025033791142862224,0.0030141452801035486,0.002468659480073256,0.006132674280001993
64,640,0.00252687853428597,0.003100446020034724,0.0024264912199578248,0.005698922080000557
65,650,0.0025595561971424883,0.0030755438999767646,0.002440527100043255,0.0057144640999990766
66,660,0.002599113117142094,0.0030877244001021606,0.002486910220104619,0.006216661259998091
67,670,0.0026342091685715523,0.003137697580095846,0.0027149818399630024,0.006421275859997877
68,680,0.0026603927385713175,0.003227099819996511,0.002639925939874956,0.006421348340002168
69,690,0.0026862759599998753,0.0031977304600150093,0.00261526488000527,0.006174550579996776
70,700,0.002726915652857055,0.003224914299935335,0.0027091338400350652,0.0061498904400014
71,710,0.002745020267144095,0.003280247219954617,0.0028163425200909845,0.006936936260001403
72,720,0.00279711498999924,0.0033052502400096272,0.0027418268800829537,0.007567213159998118
73,730,0.0028243451957145485,0.0032804538400523593,0.0027444851199834373,0.0069484461800016105
74,740,0.002890722875714735,0.003447157900081947,0.0028436525400320533,0.00699340556000152
75,750,0.002917814499999492,0.0034549420800613004,0.0028596443599963094,0.008061164779999217
76,760,0.002975148868571783,0.0035488561201054833,0.0028520066600322023,0.006886541960000159
77,770,0.003033351288572703,0.0036545621399272934,0.0028938567799195883,0.007725970659998893
78,780,0.003062644638571977,0.003683532799987006,0.0030136938599753193,0.007403400260002399
79,790,0.0030903189028569093,0.003811636320024263,0.0029903409599501174,0.0077318673199988554
80,800,0.0031737375599992187,0.0038577359999180773,0.0030011392400047044,0.0069210479399998805
81,810,0.003218798074285587,0.003944536060007522,0.0031529027601209236,0.008228437140001005
82,820,0.0032690743271437638,0.004120161999962875,0.0032742806199530607,0.007230804739999712
83,830,0.0033113410871432537,0.004092438119987492,0.003092090720019769,0.007985570539999572
84,840,0.0033931067571438688,0.004224462519923691,0.003292248339930666,0.007676268140000957
85,850,0.003400880571428258,0.004265093040012289,0.003291091319915722,0.00806946618000211
86,860,0.0034491140157147777,0.004316907179963891,0.003263076780058327,0.008697005920000719
87,870,0.003519643158571333,0.004452669399979641,0.0033623535600781906,0.00907595671999843
88,880,0.003563399044285559,0.004474294079846004,0.0032971910400374322,0.008376582519995282
89,890,0.003616693114287435,0.004633443499915302,0.0033244979401206368,0.008109676339997804
90,900,0.0036713706942854128,0.004646374740041211,0.0034662216798460577,0.00955690353999671
91,910,0.003714646571428862,0.0048111787200468825,0.0034875545599061296,0.009627708779996738
92,920,0.0037717317228556824,0.004781585879973136,0.003480717660058872,0.008301881760000924
93,930,0.0038064559028563446,0.004956294840012561,0.0035706789798859973,0.008227340640000875
94,940,0.0038457341828565667,0.004952000199918985,0.003543641359938192,0.008938926519999769
95,950,0.003912532571428398,0.005072365220039501,0.0035995230998378245,0.008503873100000874
96,960,0.003973956038572137,0.0050851180800236765,0.0037103928199940127,0.010544190000000526
97,970,0.004005057198571973,0.005233490600003278,0.0036588569599553013,0.00853510228000232
98,980,0.00407571916714265,0.00524865478007996,0.0036696050799946535,0.009278940839997177
99,990,0.00412201167571506,0.0053985259200271685,0.0038070953598798953,0.01159515630000442
100,1000,0.004175407652857887,0.0054183675400418,0.003739410059861257,0.009270065099999555
101,1010,0.00424932868428706,0.005584547459948226,0.003922614719995181,0.00923031882000032
102,1020,0.004271240119998895,0.005561315579980146,0.0038902473200869278,0.009180305319996477
103,1030,0.004285302522857169,0.005592662880007993,0.0038297771400539206,0.009296586359998854
104,1040,0.0043361615671431404,0.005688499520038022,0.003991005440038862,0.010566718499999298
105,1050,0.004377701068571176,0.005665429279979434,0.003953761760058115,0.009539896799999496
106,1060,0.004442731868571822,0.005778520639942144,0.004085279839928261,0.009561275460000615
107,1070,0.0044888376200002056,0.005777238119990215,0.004069897379959002,0.011830131480003274
108,1080,0.0045322272328582715,0.005943032139985007,0.004076166619852302,0.010107020200002807
109,1090,0.004584386967143733,0.006014438860001974,0.004238810999886482,0.012358963599999698
110,1100,0.004633325742858169,0.0060351999398699264,0.0041725683399999975,0.010028917480003657
111,1110,0.004698553750000168,0.006153777020008419,0.004293333360037651,0.010399382760003847
112,1120,0.004728960187142418,0.006195982599892886,0.004245477619988378,0.010962722459996712
113,1130,0.00482494654857159,0.006354342739869026,0.0043312489598611136,0.011452471440002226
114,1140,0.005065731474286232,0.006366580600006273,0.004281166900036624,0.010915159220000987
115,1150,0.0051213419985716825,0.006436861439942732,0.0043291861600300765,0.010385650779999197
116,1160,0.005184339445715003,0.006537033739878098,0.004428976819981471,0.011232314419999057
117,1170,0.005015217337142011,0.006649849700042979,0.00441030480003974,0.013125676559998283
118,1180,0.00503149251571488,0.006655076999959419,0.004513639440046973,0.011114819019996957
119,1190,0.005109937137142099,0.0068188952999480535,0.004442113799887011,0.014142971219998798
120,1200,0.005142494345714113,0.006877889360039262,0.004548937220024527,0.011453656620003586
121,1210,0.00518531172571459,0.006972822740208358,0.004592580759999691,0.01203552818000162
122,1220,0.005264234957142955,0.007029941700020572,0.004694079160035471,0.011606779519997872
123,1230,0.005290319218570402,0.00710325546002423,0.004629140860051848,0.013980292000003374
124,1240,0.005333913854285259,0.007209641480003484,0.0047367457400105195,0.011496496659997319
125,1250,0.0053692666442865244,0.007277157140051713,0.004739872680002009,0.011997447740002372
126,1260,0.005447107560000534,0.007397119460001704,0.004771760879957583,0.012055300519998582
127,1270,0.00544086046142963,0.00741976255987538,0.004865481879896834,0.012380668880000485
128,1280,0.0055566936942867485,0.007507596619907417,0.004875214819840039,0.013124098859998412
129,1290,0.005600139992857293,0.007568929059998482,0.004949476779947872,0.013777201320001495
130,1300,0.0056518135828576175,0.007665528479992645,0.004919799599956605,0.013002816239998083
131,1310,0.005688375471428507,0.0077281424598913875,0.005008672600015416,0.014123286839997034
132,1320,0.005757403890000725,0.007795522700180299,0.004939005899941549,0.013248037100001966
133,1330,0.005832293831428745,0.007812383999844315,0.005046522320044459,0.013547105759998884
134,1340,0.005873688695714268,0.007971374680055305,0.005037163040105952,0.013224200219997328
135,1350,0.0059362910985705,0.008054089560027932,0.005160186320063076,0.01452058562000275
136,1360,0.00603141821142864,0.008144318059930811,0.00512505108010373,0.013295115180001177
137,1370,0.0060148038414289265,0.008208285639848326,0.005272467840040917,0.014169613360002132
138,1380,0.006058287247143588,0.008281607180106221,0.005249935119936709,0.0139189029799968
139,1390,0.00609422389714447,0.008352244919951773,0.005238639860108378,0.0157607630599955
140,1400,0.006162425601429017,0.008451893239907804,0.005355223120059236,0.013749128839999685
141,1410,0.0062100490442857596,0.008571306220110273,0.00535724613997445,0.014400427440000385
142,1420,0.006300156845714549,0.00859004146004736,0.005428098639895325,0.013283441200003382
143,1430,0.006303890118571352,0.008670712639941484,0.005377870820084354,0.014183621420002054
144,1440,0.00637222782857212,0.008755293720023474,0.005532147579870071,0.013715110480002296
145,1450,0.006429922154286162,0.008757408800011034,0.005416422880007303,0.013522137240001939
146,1460,0.00645998209285673,0.008907639860044583,0.0057636387599632145,0.013309436120000556
147,1470,0.006538234592857017,0.008946543780111824,0.00602250890005962,0.013964927459996942
148,1480,0.006584628877141898,0.009042939020000631,0.0057759707999503005,0.014339967999999318
149,1490,0.006578116741428467,0.009146177579968936,0.00619805874004669,0.013289744359999531
150,1500,0.006673573037142627,0.009205177839903626,0.006067413720084005,0.013584052799997155
151,1510,0.006705494657142351,0.00925135967998358,0.006024533859963412,0.013831462600001032
152,1520,0.0067503938300004455,0.009340452220058068,0.005761595780058996,0.01383959030000142
153,1530,0.006820995612856678,0.00945512446014618,0.005839200880145654,0.01483233815999938
154,1540,0.006815040177141652,0.009577608719919226,0.005884934979985701,0.013898269819999315
155,1550,0.006907607598571823,0.00970353796001291,0.005877831879988662,0.01586350770000081
156,1560,0.006951782525714277,0.009755471080134156,0.0059685732200159694,0.015019534319999367
157,1570,0.006991157798572333,0.009750492000021042,0.005908015060049366,0.013975250299997697
158,1580,0.007091115842857627,0.009907184100011363,0.0060127586200542284,0.013916311920002044
159,1590,0.007100187907143273,0.009908776360025514,0.006058797320074518,0.01574696640000184
160,1600,0.007187132285714922,0.010035242059966549,0.006037196580000455,0.015223116359995856
161,1610,0.007203252437143419,0.010134841880062594,0.0062190956000267765,0.014872735880001074
162,1620,0.007271178688570866,0.010179275680129649,0.006192712260090048,0.015336905500000738
163,1630,0.00730595628714257,0.010261551900039193,0.006146475700006704,0.01591686885999934
164,1640,0.007332979221430053,0.010287324180026189,0.006296125339940772,0.015553338699996857
165,1650,0.007403014742856482,0.010362071440031286,0.00617667872007587,0.015441664240001957
166,1660,0.007474826081428806,0.010446310979968985,0.006285180800041416,0.015804410060002282
167,1670,0.007468693168571657,0.01055942364000657,0.006357259339856683,0.015672462520001318
168,1680,0.007530294575714963,0.010602468279976166,0.006380988099990645,0.014965893060000327
169,1690,0.007598289714285005,0.010746106379956473,0.0064357185799599394,0.01646812926000166
170,1700,0.007695383682857937,0.010815061020039138,0.006509921940014466,0.014683864220000942
171,1710,0.007682347044285181,0.010906825999991269,0.006585428359976504,0.016115208799999437
172,1720,0.007730068589999714,0.010970918140083085,0.006577364879922243,0.016594531819998794
173,1730,0.007789780100001086,0.011090796840071563,0.006643911799983471,0.018804023120001147
174,1740,0.007853033877142609,0.0112142915000004,0.006603761139995186,0.0161821108800018
175,1750,0.007914156699999434,0.011269819779990939,0.006690397960046539,0.01881338760000517
176,1760,0.007948352385714575,0.011370574239990675,0.006713402320019668,0.017488041520002752
177,1770,0.007978804364287108,0.01137479839992011,0.006640388920059195,0.016151667439999073
178,1780,0.007993136604287817,0.011390975800095477,0.006788662660037517,0.016798095680003372
179,1790,0.008046766254285232,0.011378088360070251,0.006796355319893336,0.01706842331999951
180,1800,0.008104358310001123,0.011476852519990643,0.006785892979969503,0.018230803859999013
181,1810,0.008157306440000086,0.01160870823994628,0.007018838920048438,0.01568354347999957
182,1820,0.00818744581714262,0.01156252000000677,0.006978991539945127,0.017851520439994602
183,1830,0.008231745445714946,0.01171693307995156,0.006875795360101619,0.017496932900000955
184,1840,0.008285488134284995,0.011794234980116017,0.007025080699895625,0.016684911059999193
185,1850,0.008318120988572316,0.011803905259948805,0.007070273199860822,0.01680800242000032
186,1860,0.008393956988571908,0.01190081681997981,0.007023535640037153,0.017664806840000435
187,1870,0.008429588597143396,0.012010283639974658,0.007115351040047244,0.01820843148000222
188,1880,0.008488698850000479,0.01206794356003229,0.007196216359952814,0.017788781379997544
189,1890,0.008509782439999591,0.012171120719940517,0.009316707960024359,0.017294936359999156
190,1900,0.008598403141428597,0.012200354560045526,0.007224913939935504,0.018554271799998787
191,1910,0.008673433380000201,0.01233950972004095,0.007198558859890909,0.01972174660000064
192,1920,0.008706161501429182,0.012336120380059584,0.007336940099994535,0.018256220160001245
193,1930,0.008760352858571423,0.012480625640018842,0.007397783100022934,0.018471056979999505
194,1940,0.008805655682856793,0.012527301500012984,0.007419342639914247,0.018833413679997194
195,1950,0.008831377679999993,0.012722321700057364,0.007355339119967538,0.01951346037999656
196,1960,0.00889076620142727,0.012816811380034779,0.00749066368000058,0.0195088461000023
197,1970,0.008938866051427925,0.012789962720053154,0.007518378460081294,0.01916910886000096
198,1980,0.009002868869998955,0.012866194940070273,0.007585072739966563,0.018995134200001755
199,1990,0.009087843494284502,0.012937783879970082,0.0076604999598930594,0.020969711300001564
200,2000,0.009126225197142698,0.013050662300011026,0.007631511620056699,0.019633991139999123
201,2010,0.009155886085712675,0.01310548061999725,0.007733562580033322,0.020497568720002163
202,2020,0.009216960149999846,0.013222375840123276,0.00777591948004556,0.020935505820000345
203,2030,0.00923538194428537,0.01321834049987956,0.007667416139956913,0.02128568189999896
204,2040,0.009413548832856448,0.013318630420108094,0.00779050642006041,0.020546289660003367
205,2050,0.00937303372857059,0.013462312880001265,0.007826375720032957,0.020415281259995484
206,2060,0.009374378774286925,0.013557698099975823,0.007919894020087668,0.020053206599998246
207,2070,0.009453833612857513,0.013670697460038355,0.00792802693998965,0.023284171239999978
208,2080,0.00950941252285832,0.013811338640007307,0.007916499839993776,0.01953125490000048
209,2090,0.009582383945713837,0.01384386583995365,0.00802784175997658,0.02155650795999918
210,2100,0.009570289858571803,0.013915015019883866,0.008248322699946584,0.02057700699999941
211,2110,0.009672593459999266,0.013891783200015198,0.008448973560007289,0.020723810079998656
212,2120,0.009697554877143374,0.014081744540017099,0.008406385340058478,0.020455093460002443
213,2130,0.009734802225713922,0.014094083159943694,0.008041489179886412,0.02096239211999773
214,2140,0.009777336044283921,0.014238338319919422,0.008480761819955659,0.01987276333999944
215,2150,0.009796183524285879,0.014317643319955095,0.00842269856009807,0.022529201319996445
216,2160,0.009931052137142486,0.014266570839899942,0.008263060399985988,0.020430398120001882
217,2170,0.00992350414285803,0.014454496619946439,0.008277817519992823,0.020983814479998274
218,2180,0.009962589471429056,0.014552304999888294,0.008324667400011093,0.021021604620002562
219,2190,0.01003030893428591,0.014520001559940283,0.008945906099979766,0.022093104939999646
220,2200,0.010053909832856464,0.014732882160096777,0.00849464271996112,0.01976039935999779
221,2210,0.010117401687141734,0.014768817500007572,0.008513661660035723,0.02053842074000386
222,2220,0.010230067325713727,0.014816814340083511,0.008512033999868437,0.019988188579998224
223,2230,0.010228872218571527,0.014833977239904924,0.008643911879989901,0.021564752699998736
224,2240,0.010240367968571524,0.015050956980048796,0.008563401279971003,0.020241463120000844
225,2250,0.01032699413714194,0.014998965159975342,0.008619255839948891,0.019952736480001933
226,2260,0.010382829421426843,0.015195807280033478,0.008617471379984636,0.02058367940000153
227,2270,0.010426641248571806,0.015235821499954911,0.00864409205998527,0.021860398959997838
228,2280,0.010472399142856506,0.015340090279933067,0.00869200525994529,0.019810958519999533
229,2290,0.01049003293000104,0.015406921219982906,0.008745397320089979,0.019931042999999135
230,2300,0.010634603391428235,0.015536530739991578,0.008883842339928378,0.020313031820001014
231,2310,0.010658644438572082,0.01555846366005426,0.009073368039898925,0.02167030774000068
232,2320,0.010690994245713748,0.015649372460102312,0.009100564399996073,0.020850531120001962
233,2330,0.01081050596714314,0.015760385440080425,0.008876454799974454,0.020256681720002234
234,2340,0.010786710005714408,0.015767105959967012,0.008982659460089054,0.02012701239999842
235,2350,0.01083880312142745,0.015826156159964737,0.009383847780118231,0.021933883959998186
236,2360,0.010859813658572161,0.015851815220012215,0.00908217570002307,0.020442452759996285
237,2370,0.010903756164285757,0.016011024199979147,0.00933514438002021,0.020666707939999467
238,2380,0.01096954549857011,0.016022675640051602,0.009464179939968745,0.02091927478000116
239,2390,0.01102741543571418,0.01615010062007059,0.009315353599886294,0.022540294099997027
240,2400,0.011077988652857909,0.016223140180009067,0.009812826859852066,0.020942879299998367
241,2410,0.01113445324999962,0.016306745020046948,0.009245914360071765,0.0217116994800017
242,2420,0.011255562285714405,0.0163386237200757,0.009291533939976945,0.02086178940000082
243,2430,0.011223322271429035,0.016560929200059034,0.009390138900052988,0.022763914839997595
244,2440,0.011284459612858361,0.016511817120117483,0.009396290120130288,0.02419355867999684
245,2450,0.011292687405714655,0.016585038819976035,0.009617551040064428,0.023794844019996618
246,2460,0.011470569175713926,0.016810417180022342,0.009836181460123043,0.02211589620000268
247,2470,0.011457587375714087,0.016842685759984304,0.010162849799962714,0.02452206207999552
248,2480,0.011521722990000854,0.016983924420055703,0.009856662440070068,0.024706827240001984
249,2490,0.011516943482858031,0.016989088400005133,0.010275660719998995,0.022415902840000397
250,2500,0.011516363709999627,0.016975583960011136,0.009803157259957515,0.022567443179998464
251,2510,0.011611650568571089,0.016946979880085564,0.010102005640073911,0.024932908299999782
252,2520,0.011629410775713691,0.017156584900003508,0.010163264519942459,0.022542919119998714
253,2530,0.011677026465715374,0.017165529179983423,0.01003700969995407,0.02403502520000302
254,2540,0.011672860205714121,0.01724662199987506,0.009683890280066406,0.02417617299999847
255,2550,0.011832896238571656,0.017409945660110678,0.009857671259960624,0.024818571840000914
256,2560,0.011889108734284101,0.017365333800044028,0.010304301340147504,0.023028476819999925
257,2570,0.011881128334285418,0.017547817759987084,0.010168641339987516,0.023179660320004132
258,2580,0.01203331769857024,0.01759188914009428,0.010025833740000963,0.023544970020000163
259,2590,0.011968565975714357,0.017601380640116987,0.009966066339911777,0.02415885591999995
260,2600,0.0120317213128575,0.01770425497998076,0.009944435879951925,0.02348419812000202
261,2610,0.012113995734286098,0.017729194699932123,0.010087745659911888,0.023719907559998317
262,2620,0.012134799504285964,0.017817431059884255,0.010048909820034169,0.024792775840001013
263,2630,0.012201662381428701,0.017792822899937163,0.010196731239993824,0.02512673559999712
264,2640,0.012282207179999075,0.018012261599869815,0.01020022170006996,0.022872454879995986
265,2650,0.012310146770000108,0.018178676499956054,0.01032088357998873,0.025714187119997407
266,2660,0.012347970514285536,0.018232839119882556,0.010208839020051527,0.02537065895999831
267,2670,0.012432353347142973,0.01828043813991826,0.01019656511991343,0.028988692359998826
268,2680,0.012463190262857487,0.01834687155998836,0.010309693619929021,0.026442202420000737
269,2690,0.012486850358571765,0.01848707137993188,0.010353488420005306,0.026474236739998103
270,2700,0.012528792198571474,0.01851231856002414,0.010328630160074681,0.026367970660000996
271,2710,0.012562558491428847,0.018572197379980934,0.010478697059952538,0.027728698200000963
272,2720,0.012641474617143364,0.018707204279999133,0.010513642539954163,0.02641283913999587
273,2730,0.01262313097857129,0.018736617240138004,0.010520475540106418,0.028197086219995525
274,2740,0.012739723809998915,0.01871740183996735,0.010513600339909317,0.02654086269999425
275,2750,0.01279315654857263,0.018825883980025538,0.010659759660047712,0.029903038799998283
276,2760,0.012932432144284576,0.018878789519876593,0.01069556904003548,0.025569987179997044
277,2770,0.012894886767142972,0.018970723239981453,0.0106506110799819,0.02529015628000252
278,2780,0.012947428824285711,0.019072188019999887,0.010686372220006887,0.026979540819997965
279,2790,0.013032053612857582,0.019089779360001558,0.010723427379925852,0.028475967579993267
280,2800,0.013082071155713493,0.01924359615994035,0.01076333931996487,0.026410085860002253
281,2810,0.013091843614285737,0.019421382380096476,0.010921943459907197,0.02681862831999752
282,2820,0.013195918271428258,0.019416211260031558,0.010881825759934145,0.027078141799993315
283,2830,0.013246923748570876,0.01945528343996557,0.010954669260027004,0.02660897626000406
284,2840,0.013282241468571427,0.01948662497990881,0.011055106879939557,0.029654392140000707
285,2850,0.013319582688571766,0.019602859780061408,0.010958358440038864,0.027773864120003967
286,2860,0.013393859498571926,0.01971972840008675,0.011086525799983064,0.02785160048000307
287,2870,0.013426083392856917,0.019914383359937345,0.01108828939992236,0.027840918399992913
288,2880,0.013452108214284764,0.019835721839990585,0.011383167339954526,0.02862476382000296
289,2890,0.013442975955715935,0.019942752039933113,0.011242704000105732,0.027490993180008444
290,2900,0.01353037024857193,0.020003300519965704,0.011296640100044896,0.02763963995999802
291,2910,0.013624323842856417,0.02006563062001078,0.011255838439974467,0.028782868179991965
292,2920,0.013606309774285624,0.02012984802000574,0.011184448780113598,0.027260202519996713
293,2930,0.013661278232857512,0.020250320239938446,0.011314500859880354,0.026951143800001777
294,2940,0.013722134200000775,0.020364220760020542,0.011434739220057962,0.025599838220000493
295,2950,0.013798696821429205,0.0204203007799515,0.011455208799961838,0.028545964639993142
296,2960,0.013799180771430396,0.02047782948000531,0.011397944959899178,0.02698115550000239
297,2970,0.013874399077141917,0.020523627220027263,0.012077707039934465,0.028088356119997115
298,2980,0.013893933501429144,0.02058261081998353,0.01149172802004614,0.02614567919999445
299,2990,0.013965311014285362,0.020696035099972504,0.011534933939983602,0.028938279539988798
300,3000,0.014076477717143071,0.02073582923992944,0.0115328044200578,0.027444786479995854
301,3010,0.014059693242856415,0.020855595839966552,0.011771987759857439,0.0264280204600027
302,3020,0.014120086774286002,0.02092641580005875,0.011808212059986545,0.027486001600004785
303,3030,0.01412474158571383,0.021058561019963236,0.011650599439890356,0.029973982059996164
304,3040,0.01417482626857106,0.02109655969994492,0.011749593359927531,0.029453277299994623
305,3050,0.014280495002857217,0.02118521510004939,0.011924457200002507,0.027518837920006263
306,3060,0.014320134911428925,0.021297387559825437,0.01205401648003317,0.027188064639999537
307,3070,0.014383512427142314,0.021378177819933626,0.011967749860050388,0.027443109920000097
308,3080,0.014428760395713393,0.021411071259935854,0.01188863755996863,0.026944915880003462
309,3090,0.01445162834857131,0.021500207400022193,0.011945315260090865,0.027502384500003245
310,3100,0.014526004314285664,0.021575163500019697,0.012055242500136957,0.027884847700006505
311,3110,0.014622361691427355,0.02168362967997382,0.012190374700076063,0.02846666579999237
312,3120,0.014649042391428597,0.021732897339970803,0.012226711619950948,0.03069175238000298
313,3130,0.01465001425857086,0.021811978239929884,0.012063405719891307,0.02859202292000191
314,3140,0.014713083592856233,0.02194477901997743,0.012076062879932578,0.02710030069998993
315,3150,0.014787927795714495,0.02188699998005177,0.01226085267990129,0.02770427768000445
316,3160,0.014778862831428471,0.022103473079987453,0.012391645660027279,0.027578747880002086
317,3170,0.014893253264285703,0.022148596420156534,0.012330181540019112,0.028144436640004645
318,3180,0.014930789128570073,0.022235923580010423,0.012315307220051181,0.027687593919999927
319,3190,0.014963981139999956,0.022393017139911535,0.012370227520004846,0.028003386880004654
320,3200,0.015036084855713464,0.022434370140035752,0.012523878320062068,0.0285539514400034
321,3210,0.015141956948572052,0.02263447165998514,0.01256142352001916,0.028564002680004707
322,3220,0.015168012080000282,0.022626399880027747,0.012459433679978246,0.027986782939997283
323,3230,0.015129037782856227,0.022685779820021706,0.012589392779991613,0.028218916960004208
324,3240,0.015200230481428403,0.022639753959956578,0.012638548659961089,0.02861373644000196
325,3250,0.015248751097141652,0.02267855113997939,0.01266286615980789,0.028761307679997117
326,3260,0.015400100552856852,0.022690174999952434,0.012596887519976008,0.028860869259992795
327,3270,0.01535354193857334,0.022804194780037507,0.012767885479988764,0.028782103319999808
328,3280,0.01535112284571369,0.022910437080063274,0.012683345019977425,0.02933703266000521
329,3290,0.015415041397141716,0.022908724840017387,0.012773521459967014,0.02963159975999588
330,3300,0.015589208527142415,0.023099396120014718,0.012846883919919491,0.030283146980000307
331,3310,0.015575223321427854,0.023327664700045717,0.01291966590004449,0.030193972400006715
332,3320,0.015517724125713487,0.023343506140081443,0.012935650419967715,0.028814100280001188
333,3330,0.015624681821428956,0.023321389180127883,0.01295758336003928,0.03148647065999739
334,3340,0.015644737371428942,0.02343256725995161,0.013120789760068873,0.031898984280001055
335,3350,0.01586938832571377,0.023446012039930793,0.013285235320145148,0.03218462735999765
336,3360,0.01578917097857097,0.0234955267800251,0.01317209200002253,0.030472627099998133
337,3370,0.015838812575715174,0.02362265739997383,0.013319233399888617,0.03226436435999858
338,3380,0.01594372186000198,0.02367688979997183,0.013272506339999383,0.029937974819999907
339,3390,0.015930809155714605,0.023778206979986862,0.01323508811990905,0.03443631642000582
340,3400,0.01593931015571148,0.024018091520047163,0.013303071839909536,0.03202038960000664
341,3410,0.016042371704286,0.024015951120090903,0.013451814259969979,0.032221046400004526
342,3420,0.016152115979999247,0.024062876839961972,0.013466521299997111,0.03239915461999772
343,3430,0.016168905048571106,0.024077860599863925,0.013540879759966628,0.03195664333999957
344,3440,0.016161714125712802,0.02415166371996747,0.01358452810003655,0.03226120327999979
345,3450,0.01632231711428436,0.02437723538001592,0.013568329800036735,0.0345103872800064
346,3460,0.01631590019000214,0.02432232087987359,0.013636742320086343,0.03266249654000149
347,3470,0.016377575971430684,0.024445444379962284,0.013661714640038552,0.03313549949999924
348,3480,0.016338656425714363,0.02452138680004282,0.013627602239866973,0.033583503280001425
349,3490,0.016415199767143347,0.02461214305993053,0.013933414999919477,0.03328591680000045
350,3500,0.016459158664288875,0.024617524220084307,0.013699281320004957,0.03247204866000629
351,3510,0.016518519600002557,0.024683977059976315,0.01395217996003339,0.03273314602000028
352,3520,0.016566652867143473,0.024715001200092956,0.013807366520049982,0.03377911174000474
353,3530,0.01666188983142872,0.02486436547995254,0.013882918040108053,0.033632398660006405
354,3540,0.01670632863857203,0.024923473439994268,0.014001220200079842,0.035580455859999346
355,3550,0.016694207421427822,0.02505544571999053,0.013970946100089348,0.03502829536000718
356,3560,0.016834866571428263,0.02509405095996044,0.014066478659879067,0.032897495240003995
357,3570,0.016858452388571872,0.025280900520083378,0.014065496279945364,0.03446356466000907
358,3580,0.0169541278457148,0.025252669399997103,0.014030274499964435,0.033518331539994506
359,3590,0.017003197899996717,0.025375925439948332,0.014238569019944409,0.03479673839999577
360,3600,0.01703013747285825,0.025320163719952687,0.01405994431996078,0.03518239862000428
361,3610,0.017092330200000234,0.025516364419963793,0.014251564820078782,0.03374363566000284
362,3620,0.01707304071142971,0.02560540384001797,0.014310654399960186,0.034788661200004754
363,3630,0.01716381988714212,0.025750090120054664,0.01438293628008978,0.034145784579995966
364,3640,0.017182903117142944,0.025800727479945634,0.01442394730001979,0.03404437773999689
365,3650,0.017283054077145477,0.0258651989401551,0.014344757359940558,0.03354325706000054
366,3660,0.017391399722855565,0.025966212800049106,0.014645899659954012,0.033706186599997634
367,3670,0.017349782621427688,0.026085904880019373,0.014498018180020153,0.03276728035999895
368,3680,0.01740765991142975,0.02622889170001145,0.014651760780106998,0.03206614927999908
369,3690,0.017460075824287092,0.026295769839998685,0.014480078099877575,0.032675809140000636
370,3700,0.017507546291430375,0.0262082484599523,0.014634366820027936,0.03396825182000157
371,3710,0.01751863415571149,0.02640628117987944,0.014576249919919066,0.033761144459995195
372,3720,0.017537265921426817,0.026487809300015215,0.014717074499931187,0.03261873136000304
373,3730,0.017655567107142684,0.026436174400005258,0.014622175020049328,0.03389865085999645
374,3740,0.017693953635715454,0.02661899424005242,0.014784611739960382,0.034035783940003055
375,3750,0.017707491091426032,0.026581443199975185,0.014826300040003843,0.03296904781998819
376,3760,0.017793976239998822,0.026708003700041442,0.014922688439910417,0.032920864499992604
377,3770,0.01783015766142853,0.026962179800029844,0.018874339540052458,0.03252335271999528
378,3780,0.017887803187143485,0.026790931520154115,0.015067977819926453,0.032876766780000254
379,3790,0.018003489124286197,0.026873551460012097,0.015033737759877114,0.033299705000003996
380,3800,0.017970323437141684,0.026911813499973503,0.015139969939991716,0.03313814248000654
381,3810,0.01808563419571458,0.02707933797995793,0.015127603879882373,0.034710376399998494
382,3820,0.018028617144286076,0.027179230179972362,0.015179481359955388,0.03429961135999747
383,3830,0.01809495736000047,0.02717337861999113,0.015135889700031841,0.03360140120000324
384,3840,0.018192119318574833,0.027285245419989224,0.015226455619922492,0.033390247480001564
385,3850,0.018250860707142106,0.027340761260056752,0.01530193518010492,0.03309043082000244
386,3860,0.018351806750001094,0.02744666097998561,0.015279189440043412,0.033727659299993315
387,3870,0.018314047438570926,0.027541189560142808,0.01533817404008005,0.034933143960010966
388,3880,0.018377407422857296,0.02765710815998318,0.015261508760013384,0.03389711354000156
389,3890,0.018539261781430207,0.0278618023400486,0.01551210525991337,0.03466791713999555
390,3900,0.018611478661428656,0.02780908523993276,0.015516819260010379,0.035066252919991714
391,3910,0.018612353918568778,0.027880425279945487,0.015517269899937675,0.03531017704000078
392,3920,0.018564991284286275,0.028214200799920947,0.015571633860017756,0.03493846604000282
393,3930,0.01869006490999969,0.02806238069984829,0.01584349254000699,0.034808860579996694
394,3940,0.01871398449714434,0.028086769819929032,0.015417294719954951,0.03450307170000087
395,3950,0.01875298195857275,0.028173201700119534,0.015434388060020865,0.03430550502000642
396,3960,0.018783238301430173,0.028229420260031474,0.015541968880061176,0.034947062020000884
397,3970,0.018819684622857102,0.028479521659974128,0.0154814780200104,0.03459844210000028
398,3980,0.018861598458571667,0.02845739684009459,0.015747051860016653,0.034761302079996316
399,3990,0.018993927494283136,0.028538534039980735,0.015584848299986334,0.03518267694000314
400,4000,0.01902358549285574,0.028689414839973327,0.01582362397995894,0.03450991942000655
401,4010,0.01898773209857089,0.028668578999931926,0.01573542902006011,0.03446948404000523
402,4020,0.019128730907143888,0.02868295679996663,0.01594861231998948,0.0349103135399946
403,4030,0.01913590708857165,0.0287934590200166,0.015827708100114253,0.03514401956000256
404,4040,0.019175708229999405,0.02877778743997624,0.01584395541998674,0.03507617433999712
405,4050,0.01925728844571495,0.028897796379969802,0.016106956640069257,0.03525795411999752
406,4060,0.0191991768371424,0.029078070280083922,0.01588341244008916,0.0353521449000118
407,4070,0.019235978442855933,0.029103441219995148,0.01607110288001422,0.03559053766000488
408,4080,0.019446254857141736,0.029207795159964006,0.01615744660004566,0.03655720287999884
409,4090,0.019445107031427013,0.029324963840044804,0.016001095559986425,0.03653673074000381
410,4100,0.019429921812859123,0.029544626379938564,0.01611250996000308,0.0362411125600056
411,4110,0.019558512874284915,0.02938180987992382,0.016142710319909385,0.03790571906000423
412,4120,0.019574469907143534,0.02947505102012656,0.01629149876003794,0.03940455454000585
413,4130,0.019623067614285384,0.02963747372006765,0.016376181100058604,0.040019937600009145
414,4140,0.019668882908569812,0.029683960039983505,0.01627639265992912,0.03901806467999904
415,4150,0.019688918688570995,0.029698126400035108,0.01644483256008243,0.03967350651999822
416,4160,0.019717697391428635,0.029802970879973145,0.01645910452003591,0.03891104448000078
417,4170,0.019790804814286144,0.030013687359969482,0.016365067880105926,0.03910467703999984
418,4180,0.019796531808572455,0.030136024719977283,0.016450659640104275,0.03925995648000935
419,4190,0.019840487654287895,0.030108047079847895,0.016747317260014823,0.0387751608400049
420,4200,0.019967336297142018,0.03013349131993891,0.01671231595995778,0.03888778422000542
421,4210,0.019984919142856855,0.030313832799947704,0.01700238776000333,0.0389017963599963
422,4220,0.020028606348571756,0.03025107777997619,0.01686730039997201,0.04056639828000698
423,4230,0.020220608067142425,0.030376849100066466,0.01668551295995712,0.039609889899993506
424,4240,0.020112095058572903,0.03068608198002039,0.01677961643996241,0.03983108060000177
425,4250,0.02026047476857067,0.03066677255985269,0.016944720199899167,0.039188195079996144
426,4260,0.020286639435714408,0.03063397624006029,0.01666487918002531,0.04159614348000105
427,4270,0.02030867777428674,0.03088586307996593,0.01709328284014191,0.04056294324000646
428,4280,0.02035874648142973,0.030859776260112992,0.01701915301993722,0.03963648639999519
429,4290,0.02034899105857221,0.03081967527992674,0.017129515799970248,0.03952022010000292
430,4300,0.020412206865713805,0.030963741279992973,0.017017307820060522,0.03927989295999851
431,4310,0.020499387911427868,0.03110927529996843,0.017122944959846793,0.040551212119999035
432,4320,0.020612376768570227,0.03130243179992249,0.017059783239965327,0.0397898353599976
433,4330,0.02057378827428693,0.03115401686016412,0.017062347660103113,0.040327295239999325
434,4340,0.02063202443571364,0.03120492195994302,0.017210732100138557,0.04183981768000649
435,4350,0.020740792845713906,0.031215597439950216,0.01730400493994239,0.04115740728000673
436,4360,0.020753344787143368,0.031381204860008435,0.017359357879977326,0.041519260380005106
437,4370,0.020756007317144654,0.03162003714001912,0.017340647319942948,0.04061289079999824
438,4380,0.02091678375285872,0.03170869796012994,0.0175781972999539,0.04081350252000447
439,4390,0.020950357551428166,0.03176019013997575,0.01759873132003122,0.040794471639997026
440,4400,0.02095544669571479,0.031801802100162604,0.01761873505987751,0.03932217394000418
441,4410,0.021002000267141867,0.0322067750999122,0.017688787800070715,0.039900918140001525
442,4420,0.021072718347143436,0.03198601801996119,0.01753272221998486,0.03891156188000423
443,4430,0.02106098897285457,0.03206686584009731,0.017597311919889762,0.039199238579999476
444,4440,0.021175331010001953,0.03215864308003802,0.017652228720107816,0.038811106759999346
445,4450,0.021096380197143716,0.03216357229997811,0.017437774040008663,0.039846827800006396
446,4460,0.021222686007144408,0.03241582374001155,0.017618255100023815,0.03865618552000797
447,4470,0.021307517799997573,0.03270399806002387,0.017842554360031498,0.03871407002000524
448,4480,0.021366021227140663,0.032556992180034286,0.01765319678001106,0.03937448614000004
449,4490,0.021370361350001466,0.032462274140125376,0.017712854740020705,0.03928754344000026
450,4500,0.021482003895714245,0.032493937660110536,0.01797281029997976,0.041031219020005665
451,4510,0.02151526827714146,0.032499626939970765,0.018045436880056515,0.04192675876000067
452,4520,0.021536419545713475,0.032635302580019926,0.018102774219805724,0.03949372405999839
453,4530,0.021563252211429112,0.032859727000031855,0.018094882300138122,0.040760148079998546
454,4540,0.021745745637143567,0.032803862200016735,0.017814414360036605,0.04012571018000017
455,4550,0.02166061828142769,0.032878358580055646,0.018041244819978604,0.03982939222000369
456,4560,0.02186196057428528,0.03297972004002077,0.018070267360017166,0.040596770400002244
457,4570,0.021725912521430604,0.033050586459939954,0.018202896059956404,0.04028328048000276
458,4580,0.021841121624285215,0.03318265579997387,0.018246662140008994,0.04056010112000422
459,4590,0.02185890945571243,0.03324792337996769,0.01822257179992448,0.039894454620007305
460,4600,0.021956169074285624,0.03330716332005977,0.01810559148005268,0.041815942120001635
461,4610,0.02195664641428526,0.033411257660045525,0.018589462820018526,0.04079161663999912
462,4620,0.022100238268571305,0.03342772609998065,0.018387085379872586,0.04061830435999582
463,4630,0.0220466212028558,0.033708163479968786,0.018492677100148285,0.04085259619999761
464,4640,0.022143551097143634,0.03365972551997402,0.018474617160027264,0.04131220568000117
465,4650,0.02217607381142963,0.033921842600029777,0.018457806519945736,0.04359126937999917
466,4660,0.022270980287142136,0.03398617107988684,0.018418472560006192,0.04166213194000193
467,4670,0.022262228945714276,0.03393973933991219,0.018493437180004547,0.040494531539998206
468,4680,0.022343582164286478,0.033871643579986996,0.018635428739944473,0.04075771031999921
469,4690,0.0223608382599988,0.03398575295999763,0.018734140760061562,0.04051769118000266
470,4700,0.022497585391428012,0.03403365418009344,0.018874357099994084,0.040454652260009424
471,4710,0.022494242318569894,0.03417706025997177,0.018776636440015863,0.04152989543999411
472,4720,0.02251881833857364,0.03416461150009127,0.018786241459893063,0.04111668379999628
473,4730,0.022482091054286814,0.034236971039936184,0.01883476751994749,0.04141552573999888
474,4740,0.022600608847142212,0.03451317883998854,0.018886461980000605,0.041507584740006674
475,4750,0.02271616221428563,0.03460915431998728,0.01889812460001849,0.0428120752399991
476,4760,0.022675277324287892,0.034634092260021135,0.018955946259884515,0.04246409987999868
477,4770,0.022774132991428685,0.034565909800003285,0.01928787906006619,0.041836651879993955
478,4780,0.022822810238571297,0.03475779916007014,0.01912086589996761,0.04185538915999132
479,4790,0.02293884148142882,0.03471828339999774,0.019104555320082,0.0417755896799963
480,4800,0.022900421481429345,0.03480760660000669,0.01915640157996677,0.0414295743799903
481,4810,0.02301806105857265,0.03508886064002582,0.019184103940060596,0.04214365389999784
482,4820,0.02310481544428512,0.035060063599958086,0.019433472580130912,0.04211329212000237
483,4830,0.023073049965713445,0.035165725560000284,0.01940197874006117,0.043248524380001076
484,4840,0.02303760741285779,0.03532122815995535,0.019423763979939397,0.042672638740000365
485,4850,0.02303512390714137,0.03527115250006318,0.019503580819946364,0.04277701215999968
486,4860,0.02322604283571439,0.035429101800036736,0.01941634229995543,0.04467912732000059
487,4870,0.023182947297141904,0.03550843018005252,0.019676328040004593,0.0455999377399985
488,4880,0.023263676549998176,0.03544165391998831,0.019521648040026776,0.04602420808000261
489,4890,0.023288737838572292,0.03561435117997462,0.019509872600101515,0.045535407579991444
490,4900,0.023469983812857597,0.03564512863988057,0.019620845799945528,0.0460339658400062
491,4910,0.02349882122285635,0.03591940471989801,0.019605753740033833,0.046211421820003123
492,4920,0.023497996867145047,0.03585235649989045,0.0198375451600441,0.04587553715999547
493,4930,0.023590688938571216,0.03588170045994048,0.019838828119973187,0.04872131155999796
494,4940,0.023612721365715125,0.03613519220001763,0.024310407919983845,0.046603838619998894
495,4950,0.023639261800000373,0.03617442169990682,0.01994591461996606,0.047535556740003815
496,4960,0.023773654665714537,0.03609005925995007,0.019931042339958367,0.04749370001999978
497,4970,0.02375292503714263,0.036260935300015264,0.019945560500127614,0.04588670443999945
498,4980,0.02384501343999935,0.036198040479939665,0.019783342640148478,0.0459319102399968
499,4990,0.023875145712855945,0.03628033737986698,0.019919770720007363,0.04561706003999916
500,5000,0.023975992415714378,0.036462798060019855,0.019951046640053392,0.045866802540003845
501,5010,0.023978682861425116,0.036534047259992805,0.02018727660011791,0.047717286219995006
502,5020,0.02407363961428408,0.03658714408018568,0.02029108360009559,0.04631414156000119
503,5030,0.02411237269999999,0.03675120368010539,0.020165004140071684,0.04768464835999566
504,5040,0.024207223560001045,0.0366059012999176,0.020301080759963952,0.04613673941999423
505,5050,0.024168100794286145,0.03673131246003322,0.020380232020033872,0.048155918239999665
506,5060,0.02421503169714015,0.03702912313987326,0.020257682399969782,0.046498829940005634
507,5070,0.024331630145714888,0.03686128831992391,0.0202985389999958,0.048779778479997725
508,5080,0.024355038581429005,0.03696685113995045,0.02052195115997165,0.04803060593999817
509,5090,0.02437706293000052,0.03709512501998688,0.020461722559921326,0.047601863639997646
510,5100,0.024512721872857322,0.0372467411999969,0.020399359080038267,0.048293980600001306
511,5110,0.024433604041428875,0.03721660801988037,0.020386661840166197,0.04725503323999874
512,5120,0.024557598665714976,0.037394868880073776,0.020468824960044003,0.0471346100000028
513,5130,0.024633830668572047,0.03752741533993685,0.020571824939979704,0.04716882249999344
514,5140,0.024731788649999416,0.03745515484006319,0.02081629123997118,0.04542623450000065
515,5150,0.024775263718569734,0.037807315239988384,0.020814281959901565,0.04425739950000661
516,5160,0.024873955422855424,0.03771651302005921,0.02064189500000794,0.04511752165999951
517,5170,0.024745166567142537,0.03764351176003401,0.020670901159974164,0.04480216701999325
518,5180,0.024855313991426684,0.03782155685999896,0.020818759119865717,0.04450619783999628
519,5190,0.024909940871428782,0.03835576037999999,0.020931984359849592,0.04536239838000256
520,5200,0.025015218487144792,0.03835793255981116,0.02083033252005407,0.04565777828000591
521,5210,0.024966813767144103,0.038462369879925976,0.02093001714012644,0.045927161679992425
522,5220,0.025114300255714365,0.03932842922004056,0.021093455940135755,0.045771541859994616
523,5230,0.025056636012856997,0.038570765380063675,0.021098810120020062,0.04537192449999566
524,5240,0.0250303964457128,0.03869465798001329,0.02107487116001721,0.0455343690799964
525,5250,0.02517499205142745,0.03870470859998022,0.021101937020066543,0.04606235172000197
526,5260,0.02525092344714332,0.03865244614011317,0.02124567949991615,0.047307132259998066
527,5270,0.02522844052857311,0.03902924155991059,0.02128648115998658,0.04713912899999741
528,5280,0.025459604084284625,0.03899334235989955,0.021218876580023787,0.04618745441999635
529,5290,0.025373151032856967,0.038988565540057606,0.021361534679963372,0.04568260799999734
530,5300,0.025443579165713735,0.03894858804000251,0.021386458419947303,0.04712168854000083
531,5310,0.02550925367142944,0.039285388419957594,0.021477752500068163,0.04939319118000185
532,5320,0.025539380262855828,0.039036561800094204,0.02134285134008678,0.04655163220000304
533,5330,0.02552212993285918,0.03904345819988521,0.02150879721993988,0.047582544220003915
534,5340,0.025548186681430055,0.039127835280160075,0.021758236279929406,0.04753518369999256
535,5350,0.025598607068572424,0.039352547739981675,0.021431284940044863,0.04790367907999553
536,5360,0.02567810192856996,0.039392387039988534,0.02154945864007459,0.04729084999999486
537,5370,0.02565869317142902,0.0397278454399202,0.021574359759906656,0.04787421363999784
538,5380,0.025710574211431907,0.039979430320017856,0.021728634960018096,0.04894380406000436
539,5390,0.02585769612857153,0.03985581750013807,0.021673700980099967,0.04719676726000216
540,5400,0.026251052864285418,0.04000490883991006,0.025759894980001263,0.04732553093999286
541,5410,0.026049179092858272,0.03992344839993166,0.021727180680099992,0.04861523262000446
542,5420,0.02622126745285771,0.03992608956003096,0.02177725294015545,0.04702625072000501
543,5430,0.026087141877146027,0.03987986058004026,0.02188309085991932,0.04801573285999893
544,5440,0.026252381698571168,0.03988356935995398,0.02176632578004501,0.0475364414600017
545,5450,0.02619912218000146,0.040040141220088116,0.021925156879951828,0.04808991316000174
546,5460,0.02629784511285704,0.040007259179983524,0.02182510859995091,0.04859725127999354
547,5470,0.026308176152855856,0.04015965152000718,0.022045794779987773,0.04704859232000218
548,5480,0.026357360021429486,0.04026414022002427,0.02220155459996022,0.04813490961999832
549,5490,0.026562855194285608,0.040312604220016514,0.022258845160104103,0.050335709299997686
550,5500,0.02647596294285904,0.04053565296002489,0.02216905848006718,0.048044259779999265
551,5510,0.02654651909428789,0.040477269440089,0.022276450320059666,0.04884792479999305
552,5520,0.026601194562856888,0.040733220939873714,0.0222826167599851,0.04778694067999368
553,5530,0.02660829552714339,0.04097093877993757,0.022277753760063204,0.048636305179998084
554,5540,0.026733329081428437,0.041149551480048105,0.02237719882003148,0.04807664834000207
555,5550,0.026790880971428642,0.04095877146006387,0.022305566439899848,0.04849047199999859
556,5560,0.026666611622860208,0.04126991810000618,0.022418651539919666,0.04871987697999884
557,5570,0.02680064107143023,0.041351184480081425,0.022398235340006067,0.04874476217999927
558,5580,0.02686833737285399,0.041442809340005625,0.022417669299975386,0.05149231490000148
559,5590,0.026950975394286484,0.04125436795999121,0.022471793639924725,0.05094395111999802
560,5600,0.026918355305712925,0.04146205231991189,0.02255126256015501,0.05217880202000288
561,5610,0.026994307801430424,0.04169338453997625,0.02277362206004909,0.05263737485999627
562,5620,0.02715736457714359,0.04165784912009258,0.02286757274006959,0.05274551034000524
563,5630,0.027206908009998837,0.0414398932599579,0.022670857299963244,0.05240243759999885
564,5640,0.02731858397571679,0.0418294946399692,0.023301998660099344,0.05220087553999292
565,5650,0.02720837577428548,0.04194659188004153,0.02426888321984734,0.05255629974000385
566,5660,0.0272621975171413,0.04191116348003561,0.023738654440021493,0.05258729237999887
567,5670,0.027313174525716022,0.04210118008006248,0.023011178959932294,0.05243171139999958
568,5680,0.027321989889998285,0.042363753600075146,0.02298389010007668,0.05376129035999838
569,5690,0.027539829572857083,0.04230164225999033,0.023116760420016362,0.053456241440003396
570,5700,0.02753245350285787,0.042377991779940206,0.023188888959921314,0.05335843486000613
571,5710,0.027499885934283676,0.0425373125999613,0.022978597239925874,0.052660482960004626
572,5720,0.027526158585713865,0.04240029943997797,0.022891384579997974,0.05383011247999547
573,5730,0.027609376445715105,0.04251738016006129,0.023015915580035653,0.052871248239998746
574,5740,0.02773918694713887,0.04263048360000539,0.023220349679904755,0.05333272228000624
575,5750,0.02778287135999952,0.04246201153990114,0.023140181039998424,0.05379950155999722
576,5760,0.027822295035714758,0.04244891337999433,0.02318673729998409,0.05363294369999949
577,5770,0.027811582692855673,0.04278119180009525,0.023455803760080017,0.05333970753999893
578,5780,0.02781900786285405,0.04307248734003224,0.023387895960040626,0.05373257125999771
579,5790,0.028025299239999576,0.04283605162003369,0.023329599740027334,0.05367316205999941
580,5800,0.02789795058571404,0.04289411052006471,0.023452368319995004,0.05529287536000084
581,5810,0.027970475390001023,0.042988236719975245,0.023597706580112572,0.05378433724000388
582,5820,0.028019626568570207,0.04304389659992012,0.023544881759880808,0.05304404732000421
583,5830,0.028126586162857816,0.04324630423994677,0.02356950027991843,0.05508118067999931
584,5840,0.028189173049999485,0.043280299499965626,0.02367842487998132,0.05740297406000081
585,5850,0.028167876459999335,0.04358989954009303,0.023754612040065695,0.05349538706000203
586,5860,0.028162402582858185,0.04361148451986082,0.024718949619928026,0.05435044959999687
587,5870,0.028316896687143267,0.043380577560164967,0.024882446420015185,0.0561356761199977
588,5880,0.028403305970001125,0.04353151160001289,0.024500393839989552,0.050991520199995644
589,5890,0.028502835134286215,0.043619859160025955,0.02402692425988789,0.051650770439996455
590,5900,0.028428113372857687,0.04379057879996253,0.023968005160058963,0.052126455939996964
591,5910,0.028483632701428566,0.04377194666012656,0.023896180000083405,0.05225721415999942
592,5920,0.0284879136728575,0.0437892300599924,0.024091885539965004,0.051827132980001814
593,5930,0.028596580361429785,0.044102228900082995,0.0239752515800501,0.05153403924000031
594,5940,0.028814359305715697,0.044488876280011025,0.023905276479999883,0.051626419200006234
595,5950,0.028844524437143783,0.04414655172004132,0.024370658279949563,0.0520996436599944
596,5960,0.028711201009999576,0.044039473340017135,0.024203600620021463,0.05192608443999689
597,5970,0.028898007551425898,0.044185444520044255,0.024317292860141608,0.05359025298000233
598,5980,0.028953266561425803,0.04421059959990089,0.024423345739924114,0.05191546977998769
599,5990,0.02889622270428715,0.044359581180033275,0.02452235274002305,0.05176881995998883
600,6000,0.028774764354288242,0.04452150682001957,0.024401139059918933,0.05311245635999967
601,6010,0.028996471114288786,0.04476885004005453,0.024484319479961415,0.051509566580002684
602,6020,0.029027561288569682,0.04462006578003639,0.024416645179953775,0.053018961279999534
603,6030,0.02902744809428571,0.04476163532002829,0.02435418421999202,0.05190790090000519
604,6040,0.029167554867142044,0.04486852980000549,0.02462586360001296,0.052029268920005055
605,6050,0.029094172777144454,0.04487915477999195,0.02455638949999411,0.05737672635999388
606,6060,0.02911495879571313,0.045155861779931,0.02447910798007797,0.05303009432000636
607,6070,0.029141692185715197,0.04517074432005756,0.024721846679967713,0.05264991837999787
608,6080,0.02927690691999617,0.04542314314006944,0.024957230460058783,0.05433790062000299
609,6090,0.0293764868328617,0.04516316567991453,0.024728657179875883,0.05276013277999937
610,6100,0.02944752536714337,0.04515846082009375,0.02477593267991324,0.05278376994000154
611,6110,0.02946705012000166,0.04541035164002096,0.02484740433996194,0.053931190559997046
612,6120,0.029524325088573927,0.04539444289992389,0.02488445816008607,0.05410439709999991
613,6130,0.029434120547136573,0.04550833077999414,0.024994770999910543,0.05345570002000386
614,6140,0.029649607617146623,0.04555751485990186,0.025013016700031587,0.053346466640000464
615,6150,0.02961884826714335,0.045618055679951794,0.024901601879901137,0.053419271220004706
616,6160,0.02957088355571354,0.045922613280054064,0.02512278485999559,0.054140245540002074
617,6170,0.02961380643143067,0.04587516892002895,0.02503647402008937,0.053394709560006956
618,6180,0.02979788608285422,0.045690873000057766,0.025042231600091325,0.0559721861800017
619,6190,0.030075392449998618,0.04586708770002588,0.026787314679968404,0.057319033160006264
620,6200,0.029825763587141407,0.04594957923996844,0.025937555420023274,0.053669544439999294
621,6210,0.029866214774288632,0.04606297516002087,0.025883429480018094,0.05641433016000065
622,6220,0.02999858806428165,0.046115984159987425,0.02569620576003217,0.05501877873999093
623,6230,0.02993265924285879,0.04621978881994437,0.02571363957991707,0.05490884094000194
624,6240,0.03014864051999861,0.04631493308006611,0.025706859439960685,0.05636054936000619
625,6250,0.030157864744282312,0.04638105664002069,0.02593056631994841,0.05611953476000053
626,6260,0.03008345760714292,0.046371178580011475,0.025828634659919768,0.0547121689000005
627,6270,0.03015613448856779,0.04648571705991344,0.025631964979984333,0.05434040582000307
628,6280,0.03025657434428857,0.04654341617992032,0.025617547619985997,0.054433858540000976
629,6290,0.03038829660999649,0.046587796900057585,0.025748557079932656,0.054839477219998115
630,6300,0.03034277855428497,0.04690088514005765,0.025882171679986642,0.05692677994000406
631,6310,0.030384443182857854,0.047055519839996125,0.025719146699921112,0.05622482094000134
632,6320,0.030366649981432212,0.0470525009000994,0.025721669019912952,0.05704770645999815
633,6330,0.030582128657143975,0.04707236287991691,0.02581350777996704,0.05712434127999586
634,6340,0.03061047698571461,0.04713428095994459,0.025901404479882328,0.060551241420002955
635,6350,0.030574657165717715,0.04732734572004119,0.025862924939938237,0.059515871280000285
636,6360,0.030683270117141153,0.04734896435998962,0.02604149168000731,0.063682588759998
637,6370,0.03055303590429113,0.04721133032006037,0.026414372299914245,0.05895746019999933
638,6380,0.030605541231424078,0.047626555940005345,0.025962147860118422,0.06024749511999744
639,6390,0.031008738717144817,0.04765788095988682,0.026482314299792052,0.05886925872000119
640,6400,0.03100676866000348,0.04791363284013641,0.026261001059756383,0.061579427659999054
641,6410,0.030852473921422645,0.047771713759939306,0.02623230996003258,0.0643265549600028
642,6420,0.03091706503856975,0.04782308241999999,0.026318342940066942,0.0604006498200033
643,6430,0.031070825395711706,0.04796141664002789,0.02631559439978446,0.060628278059994045
644,6440,0.031128208242857256,0.047868030640092915,0.026300187599990747,0.060298228619999464
645,6450,0.031173071809997573,0.047965833800044495,0.026284720779949568,0.061101681599998306
646,6460,0.031122678574281186,0.04798757994001789,0.02647536462012795,0.06104128972000126
647,6470,0.031228375165719628,0.04835789375989406,0.026354129199899035,0.060281208619999235
648,6480,0.03138243188571193,0.04840775237993512,0.026521800019836516,0.059953759340000946
649,6490,0.03136004862000326,0.04851004540003487,0.027603680980100763,0.06049853726000037
650,6500,0.031545322837142266,0.048383792199892924,0.027611710179771765,0.061827785740001674
651,6510,0.03147998709428845,0.048499134060111825,0.027794096080033342,0.06016560619999837
652,6520,0.031420870555713395,0.04878374698011612,0.027132810759940184,0.06005283741999847
653,6530,0.031380501398572444,0.04877339598002436,0.026818578920210712,0.060135462320004086
654,6540,0.031767116931426115,0.04976973164004449,0.0266649552200397,0.06122026504000587
655,6550,0.0315689687685673,0.049199243080074666,0.026854295340308455,0.0605348437199973
656,6560,0.031599888472857336,0.04904205923994596,0.026903387980128174,0.06191516264000256
657,6570,0.03176094111428288,0.04900956700003008,0.02694176945995423,0.06282475769999565
658,6580,0.03172922174428615,0.049107100240071304,0.02804136954000569,0.06368514034000328
659,6590,0.03192831631714268,0.049215814919880356,0.030004861319903285,0.06177838680000149
660,6600,0.031952531291429165,0.049342103139933896,0.029588328099926002,0.061375134459995026
661,6610,0.03187180403429011,0.04950302792007279,0.028661636840115533,0.06004394154000238
662,6620,0.03187010253714626,0.049468874259982844,0.028148543540155512,0.05721621929999401
663,6630,0.03205601918285538,0.04941697223999654,0.028095010999968507,0.0582997935200001
664,6640,0.03219084637714332,0.04941278983991652,0.027842865619895747,0.05754583299999923
665,6650,0.032120021101431376,0.04967094807987451,0.03213290120009333,0.05685515030000715
666,6660,0.03216518685856759,0.04956647007995343,0.028707329079770715,0.058182963520002885
667,6670,0.03224188641999977,0.05003367041994352,0.028123969540029065,0.05886106784000731
668,6680,0.032236999342855725,0.05050275421999686,0.029654505100043027,0.0581929891999971
669,6690,0.03238042219286009,0.05002843176007445,0.028203493240143873,0.05768583758000204
670,6700,0.03234509477286078,0.04998072571979719,0.027561350620089797,0.057279448060003235
671,6710,0.03240730944285782,0.04996899542005849,0.02750849231990287,0.058204641040001656
672,6720,0.032432738147142245,0.050170565959924716,0.027798097019986017,0.058189548679997635
673,6730,0.03258601286428269,0.05014963039997383,0.02740994250008953,0.0576989134600035
674,6740,0.03264129172428771,0.050365390820006725,0.027563021440146256,0.05855239686000004
675,6750,0.032596660775715075,0.05025212549997378,0.0274388789999648,0.058136105579997086
676,6760,0.03259025279285977,0.05040206802012108,0.02757957244000863,0.05807966958000179
677,6770,0.03267685134714026,0.05054394785998738,0.029138135539978977,0.06007489688000078
678,6780,0.03283628109428589,0.050497867160011076,0.028598247720074143,0.058977576579995916
679,6790,0.032849981020000474,0.05067998901991814,0.027735818280052626,0.05890703694000422
680,6800,0.0328117361600042,0.05075337169990235,0.027832774299749875,0.060306197199993215
681,6810,0.03298143646570939,0.05078295219995198,0.027948309380153656,0.05927860642000269
682,6820,0.03300049345428436,0.05078893941987189,0.027847787200153108,0.060951113239998446
683,6830,0.03310497033856986,0.05113415323998197,0.028066575819684657,0.05926564068000516
684,6840,0.033258884157140914,0.05089131503998943,0.02794659721999778,0.05892475675999777
685,6850,0.03313283098713977,0.051008875259867636,0.028066436120134312,0.05945935640000244
686,6860,0.03328626206428193,0.05107156812009635,0.028526877800031797,0.05935437688000093
687,6870,0.033215268418573814,0.051418061580043285,0.029703788699989676,0.0597405568800059
688,6880,0.03329490519285433,0.05135310899997421,0.027965171360119712,0.05995700772000419
689,6890,0.03348039434142785,0.05143983214002219,0.028227350139932238,0.05906600473999788
690,6900,0.033372692100001586,0.05155263026004832,0.028141784360195744,0.05938029269999788
691,6910,0.03338183037857172,0.05142813563994423,0.028204500979773,0.059679423900001895
692,6920,0.033456324285715315,0.05155077644005359,0.028198520180012565,0.06009500575999936
693,6930,0.03351006436999731,0.05149120896006935,0.02818455064043519,0.061022910060000865
694,6940,0.033679615381432604,0.051738750300064563,0.02848690514001646,0.06187280593999731
695,6950,0.03371270667857191,0.052015436680012496,0.028440628740208924,0.0607485870399978
696,6960,0.03384795822285793,0.0518229195800086,0.028563024899922313,0.06367844276000142
697,6970,0.03366558761428678,0.05204283712009783,0.02864413136005169,0.06008967534000022
698,6980,0.03370943686428551,0.05220081665996986,0.02866256516004796,0.06451949880000939
699,6990,0.03402040013428632,0.0524811689798662,0.028707843040028817,0.060417768979996254
700,7000,0.033877346211429536,0.052448419520005694,0.028575068440113684,0.06228888080000161
701,7010,0.033901922251430475,0.05220340440006112,0.028888759819965342,0.061859713600006215
702,7020,0.034021170352854305,0.05251818688011554,0.028773432820016754,0.06067314866000288
703,7030,0.03404915194857105,0.05257176035993325,0.02881226272016647,0.06135223358000076
704,7040,0.03420731353571682,0.052964607200046886,0.028733812399877934,0.061216341800000004
705,7050,0.034096968841430285,0.05287087518001499,0.02879735812006402,0.06094679623999581
706,7060,0.03429936654571585,0.05308434712002054,0.02907416240006569,0.06424176354000337
707,7070,0.03425247912428469,0.05263841283987858,0.028948565859900556,0.06880607082000552
708,7080,0.0343619025757159,0.05281266370002413,0.02910965433999081,0.06641599895999208
709,7090,0.03443026827428704,0.05279821992007783,0.029390734519984106,0.0671465015800004
710,7100,0.03434954169428498,0.05296955334008089,0.0289960959200107,0.06721439387999908
711,7110,0.034451399432858,0.05287432851997437,0.030838660300069022,0.0662081165799964
712,7120,0.034510162769999755,0.053146850299963265,0.0307133053803409,0.06611548484000196
713,7130,0.03457924528714232,0.05342697961998055,0.030176840099884427,0.06642339239999728
714,7140,0.03481267346714438,0.053282383079931606,0.029904320579953493,0.06688680763999401
715,7150,0.03460813200714256,0.05344898461997218,0.029889011299819683,0.06632957452000483
716,7160,0.03466837803999754,0.05370564700002432,0.029856065580243014,0.06677981025999997
717,7170,0.03486485602714311,0.05381336206010019,0.02959983233988169,0.06787168729999848
718,7180,0.03486114804428455,0.053623553700017514,0.029919233259861355,0.06602123253999707
719,7190,0.034920992825713516,0.0536930403799488,0.030019588659924924,0.06659636033999504
720,7200,0.03489627157142552,0.053913882699853276,0.030182220399874494,0.06699809295999784
721,7210,0.034897342835712546,0.05411003464003443,0.030378507440036628,0.06586176648000219
722,7220,0.03486168108856873,0.05484625106000749,0.030263310840091436,0.06662709642000209
723,7230,0.03507579898142856,0.05436727289998089,0.030155479079985524,0.06764450169999692
724,7240,0.035174028032860016,0.05392887243993755,0.030495505399885586,0.07005375802000344
725,7250,0.03503873590000565,0.05396753355998953,0.031289054780063455,0.06736297934000504
726,7260,0.03507469799571741,0.0542727660399396,0.030626790540118236,0.06756152165999993
727,7270,0.03522401339285612,0.05465243832004489,0.030474933779914865,0.06770114369998737
728,7280,0.03516916661142854,0.054870005480042894,0.030510744000202976,0.06675608600001397
729,7290,0.03543222963142658,0.05507064664001519,0.030371966420061652,0.06640948813999785
730,7300,0.035283151288570354,0.05475522168002499,0.030743647680064896,0.06766111126002214
731,7310,0.035368758665717905,0.055391271560001766,0.030753417980158702,0.06746070819999658
732,7320,0.03543184821000458,0.05463773089992173,0.03083149306025007,0.06771615136001856
733,7330,0.035435916912863054,0.05464649355999427,0.03099535014014691,0.06903783010001462
734,7340,0.03575315013000103,0.05478262755998002,0.03125623199986876,0.06570110485999066
735,7350,0.03568995730142758,0.05511138731999381,0.03088703497996903,0.06394612720000623
736,7360,0.03564595869142847,0.0550578731198766,0.030793599739990896,0.06360285167999791
737,7370,0.03564666320714293,0.055548217959949395,0.031391859759896765,0.06398747669998557
738,7380,0.035755835158571635,0.05621204661991215,0.03055618193990085,0.06468458512000325
739,7390,0.03591231925142243,0.055659188720019306,0.03066607486005523,0.06419790113997806
740,7400,0.035919884415722796,0.055633033159901965,0.033400743219826834,0.0650767843200083
741,7410,0.036024788255713903,0.055473958519942246,0.03334827733997372,0.06470064791999904
742,7420,0.035923685422855796,0.05549053109993111,0.033534178620029706,0.06465521236000313
743,7430,0.03592571291571793,0.05591900305997115,0.03333901675985544,0.06502786151999317
744,7440,0.03613886598857009,0.0556684562600276,0.0337968961201841,0.06479426872000658
745,7450,0.036028507031426536,0.05596161139998003,0.033617781980137804,0.06482722435999676
746,7460,0.036267648824284286,0.05604885950007883,0.03351436208016821,0.0648611754400008
747,7470,0.036227248634284996,0.056173468640045035,0.03227531422016909,0.06530240959999901
748,7480,0.03631373277999955,0.05638333152004634,0.030535888359881934,0.06565725978000045
749,7490,0.03643780310142964,0.05637447066008463,0.030893482000101356,0.0653021042599994
750,7500,0.0363889729085713,0.05625330472001224,0.03158068747987272,0.0663326990800033
751,7510,0.03639099732285883,0.0563240585798485,0.03128759764003917,0.06484790150000663
752,7520,0.036397676727145674,0.05642582025990123,0.030838100819819376,0.06469980197999575
753,7530,0.03642736777285921,0.05676259086001665,0.031022322239732603,0.06886021147999599
754,7540,0.036710650260000484,0.056854430780149415,0.030970740960037803,0.0658034779600075
755,7550,0.03671120763143076,0.05679708530005882,0.03225562405990786,0.06906513937999989
756,7560,0.03669354207428634,0.057030271600015114,0.030980060620058793,0.06791649368001344
757,7570,0.03658478620999761,0.057125038099984524,0.030963007520040265,0.06572247246001098
758,7580,0.036733783452857875,0.056879290759970905,0.031184317500301408,0.06639577932000065
759,7590,0.036874370208572926,0.05685272071998042,0.031104766280186595,0.06704757999999857
760,7600,0.03685960078857014,0.057028674140019574,0.03115822717998526,0.06601187332000336
761,7610,0.03688114183714528,0.05728867265992449,0.031414957480010344,0.06641484751999087
762,7620,0.03704067666714244,0.057257725179952104,0.03136967842030572,0.06758475516001454
763,7630,0.03698874462142807,0.057247889820064304,0.031457158180273836,0.06681976764000866
764,7640,0.037122707021428926,0.05732479224003327,0.03170468397991499,0.06639983396000389
765,7650,0.0371605137014272,0.0572745464399486,0.032301875539997124,0.06672517885998787
766,7660,0.03712376443857595,0.05759332893983811,0.03154478274009307,0.06628020468001523
767,7670,0.03715261574571351,0.05800022205999994,0.032203299419925314,0.06723497201999636
768,7680,0.03727706550857485,0.05819459095990169,0.0320939459199144,0.06765051333999508
769,7690,0.03752607686142125,0.057924089199877925,0.03242041417979635,0.07124187797999185
770,7700,0.03725651390285878,0.05792959517995768,0.03607392280013301,0.06704714253999555
771,7710,0.03737937271428953,0.05813846568009466,0.03229447520003305,0.06685912629999621
772,7720,0.03734993482142662,0.058056705299968606,0.03186393156007398,0.06815140372000314
773,7730,0.03741332475285942,0.05837017941994418,0.03227137376001338,0.07137208252000164
774,7740,0.037776588802854734,0.05833261035993929,0.03239869102020748,0.06691811308001888
775,7750,0.03766392287857473,0.05871295943987207,0.033426174720079874,0.06708592855999086
776,7760,0.03772102217285334,0.05881915279998793,0.0325383242200769,0.0672408596600053
777,7770,0.03775138852428687,0.058403050159977286,0.032224876419932116,0.06776887250000982
778,7780,0.037679897594282794,0.05888069106003968,0.032337381340039426,0.06790502567998373
779,7790,0.037867618517144104,0.05869465124000271,0.0329106587600836,0.06716557693999675
780,7800,0.037815715977145115,0.05879034294011944,0.03273294675993384,0.0728842457799965
781,7810,0.03795869801142804,0.058850275779986985,0.03266726904024836,0.07109919720001016
782,7820,0.03792990781857173,0.0590775411199138,0.03254588021998643,0.07235996520000298
783,7830,0.038112707494284616,0.05896976061994792,0.032667898139916364,0.07354447870001422
784,7840,0.03814712339714398,0.05911153069995635,0.03241215353977168,0.07214543814000536
785,7850,0.037989499894288854,0.05901301557991247,0.03263712996005779,0.07593142538000393
786,7860,0.038091704205713284,0.05934915926001849,0.032723214300203834,0.07479379339999467
787,7870,0.03807479492856926,0.05925629753997782,0.03310803394022514,0.0724496616200031
788,7880,0.03826405765142616,0.059374988199924705,0.03299815165999462,0.07572395216000587
789,7890,0.038414263348570656,0.05948580703989137,0.03294537713984027,0.07482585790000484
790,7900,0.03844001318857149,0.059557465980033156,0.03324863055997412,0.0736343585800114
791,7910,0.03836857962428569,0.05937022676014749,0.033045626960083604,0.07307131898000989
792,7920,0.038504819964286334,0.05917135488001805,0.033573631060135084,0.07238660061999326
793,7930,0.0383884225957159,0.05947960107994732,0.03351599835979869,0.07348400656000195
794,7940,0.03849085261571807,0.05951492318003147,0.0332806676600012,0.0731759050799974
795,7950,0.03861140031142766,0.05999348205994466,0.03353562400006922,0.07513893903999816
796,7960,0.03869936923999766,0.06000274363992503,0.033428056819975606,0.07476970924000852
797,7970,0.03857207244428667,0.060091785199911096,0.034267347179993524,0.07398029608001708
798,7980,0.03904186227142418,0.0599192151799798,0.036568837739905574,0.07415479653998773
799,7990,0.0388381409685696,0.06040190450003138,0.03605305933990167,0.07291396900001018
800,8000,0.03877734043143001,0.06030214226004318,0.03641608164005447,0.07313828450000984
801,8010,0.03906746778000524,0.060253105519950625,0.036478990859905025,0.07593566657998962
802,8020,0.03885436152142834,0.06067711114003031,0.036100715440115894,0.07562819904000208
803,8030,0.039004610977143396,0.060293171640078067,0.03672363559991936,0.07492909354000403
804,8040,0.03915440764142269,0.06033380630011379,0.036449104399944185,0.07452933751999809
805,8050,0.039020788427143474,0.060369831819989485,0.03366076776001137,0.07584838697999657
806,8060,0.03916359408285384,0.060507758360035954,0.034080911399942126,0.07363271101999999
807,8070,0.039177103824284645,0.060656427779977096,0.03393483173975255,0.07730995671999154
808,8080,0.03927333193428889,0.06097302387992386,0.033434012799989435,0.07377954993999992
809,8090,0.039539786222854416,0.06151455419996636,0.03353766204018029,0.07025290367999333
810,8100,0.039342243889999996,0.06131647748006799,0.033567560059891546,0.06951736514000914
811,8110,0.0393067893328589,0.06154250427993248,0.03362382933992194,0.07471768983998117
812,8120,0.03945980968142716,0.0611914984199393,0.033899130939971656,0.0703706837000027
813,8130,0.03952280454286145,0.0613225843400869,0.033836159219936233,0.07048379693999778
814,8140,0.0395475017057132,0.061302081840040046,0.0343040046999522,0.07225792979999825
815,8150,0.03964466882428626,0.061740947060025066,0.035484038600116036,0.07202459057999476
816,8160,0.03961898003285959,0.061616773640053,0.03433535705989925,0.07085285835999458
817,8170,0.03967252526000136,0.06138107881990436,0.03412570428001345,0.06998842107997916
818,8180,0.03964147202285728,0.06137121773994295,0.03422994334017858,0.07416557465999177
819,8190,0.04008900177571507,0.06130465504000313,0.034453873279853726,0.07127139080001144
820,8200,0.039876577407139846,0.061532442679963426,0.03405606147993239,0.07101392621999367
821,8210,0.03990164892143055,0.061795895640098034,0.03429400526016252,0.07053962488001161
822,8220,0.04001540422428921,0.06156588943988026,0.03456268202004139,0.07049120073999801
823,8230,0.03997532740285221,0.061660468879927065,0.034453518079826606,0.07111559785998907
824,8240,0.040126801732855835,0.06178634677999071,0.03482423437977559,0.07037448857999153
825,8250,0.04005934641999764,0.06179182797990507,0.034719536460033854,0.07149218444001235
826,8260,0.0401313819371405,0.06187568467998063,0.03711413839992019,0.07116862762000892
827,8270,0.04015170777142755,0.062156734640084324,0.037554642740142294,0.07275230649998775
828,8280,0.0402160875928504,0.06207025735995557,0.03798850241990294,0.07169632127998739
829,8290,0.04042011327714655,0.0621062132599036,0.03776719848014181,0.0725730468399979
830,8300,0.04026475235714575,0.062345379960097494,0.03857085609997739,0.0725076399199952
831,8310,0.04038605905285294,0.06222884941991651,0.037932462640019364,0.07706066349999673
832,8320,0.04029507284999584,0.06253784499996981,0.03790237934008474,0.07475711386001421
833,8330,0.040282546544289546,0.06253535055991961,0.03747985876019812,0.07163836675999846
834,8340,0.04061932445142572,0.0625809432799724,0.03454449236014625,0.07297017268000673
835,8350,0.04043649053571114,0.06270967000011296,0.03502577818013378,0.07268422871999064
836,8360,0.04058397383000088,0.06293773292003606,0.03442231752007501,0.07209564658001909
837,8370,0.04068532608714252,0.06294632301993261,0.03487096637996728,0.07258388006000131
838,8380,0.040562373974285686,0.06288345747998392,0.03684505783967325,0.0713773169200067
839,8390,0.0408670182942894,0.0629420897399541,0.037119271199917425,0.07196909201999005
840,8400,0.04071440300142577,0.0629962578400591,0.035340417400002475,0.0731143419
841,8410,0.040799075548573975,0.06325851785994019,0.035185083859978476,0.07261856283999805
842,8420,0.04069408297142997,0.06317675013990083,0.03540778965994832,0.0734052392600006
843,8430,0.04098942351714608,0.06338625335993128,0.035918134240200746,0.07341649886000597
844,8440,0.04097679832999867,0.06322446270001819,0.03513078399962978,0.074517620359984
845,8450,0.041077890000004634,0.0635089562000212,0.03502810285979649,0.07279871994001952
846,8460,0.04100653863142985,0.06334523644000001,0.0353926926200802,0.07411510670000097
847,8470,0.04110548750857041,0.06331770115997643,0.0350511884399748,0.0752446456800044
848,8480,0.041213045219997836,0.06348379359995307,0.0353242160800437,0.07309359020000557
849,8490,0.0414590691642843,0.0635683010199864,0.03521219843983999,0.07280381646000933
850,8500,0.04125725779286378,0.0637190594200365,0.035334196019975936,0.07356371005998881
851,8510,0.04143497891999297,0.06391718713995942,0.035595880379842126,0.07479828439999438
852,8520,0.04152475437143428,0.06361230896007328,0.035600828359893054,0.0770572650000031
853,8530,0.0415444459628582,0.06416443613998127,0.03619285708031385,0.07880837359999532
854,8540,0.04138512519714433,0.06451558006003325,0.035893391580029854,0.08491405285998553
855,8550,0.04168840793428898,0.06481401887991524,0.03614723154008971,0.07987223134001396
856,8560,0.04159619342571334,0.06419315810002445,0.03741157312004361,0.08001821422000831
857,8570,0.04174474851428645,0.06436265418000402,0.03751646068005357,0.08001485675998993
858,8580,0.04175939729572097,0.06461255222006003,0.03648726785992039,0.07956359757999962
859,8590,0.04160300132285816,0.06456435637999676,0.03594042807992082,0.07889703100000588
860,8600,0.04187419839142811,0.06496558171995274,0.03584901717986213,0.07983439214001009
861,8610,0.04192125355142707,0.0649415976399905,0.036521085019921885,0.08014916144001291
862,8620,0.04197329369714291,0.06468892591983604,0.03649361400006455,0.0794491563199972
863,8630,0.04183142659571396,0.06492090907995589,0.041041892359935446,0.0808020244799991
864,8640,0.04214000122571244,0.06480911318009021,0.03652438748016721,0.08116055051999865
865,8650,0.04212570599857437,0.06486618244001875,0.03767215768020833,0.08007351048000601
866,8660,0.04200572060428646,0.06507259696008987,0.036656161719874944,0.08282669854000232
867,8670,0.04217825208572322,0.0650963175400102,0.037019762420095505,0.0800770009200005
868,8680,0.042125841535718266,0.06500953165996179,0.036810557660064656,0.08064467620000867
869,8690,0.04209348501428394,0.06543241281993686,0.036544191540160684,0.08035872792000191
870,8700,0.042357956625712956,0.06530390388004889,0.0370400251999672,0.0799891302999913
871,8710,0.04244080719571814,0.065457192640024,0.03718224836018635,0.07932347581999238
872,8720,0.04238752330428595,0.06556906996003817,0.03784004235989415,0.08065235235999353
873,8730,0.042508582151424765,0.0657758281799761,0.037725582139828476,0.08613122794001356
874,8740,0.04258799544428517,0.06565350572003809,0.038072811840102076,0.08168121669999892
875,8750,0.04242184660428393,0.06576444460006314,0.0375542564598436,0.08359446243999627
876,8760,0.042648467022853374,0.06595327002003615,0.03701127780004754,0.0812279414600016
877,8770,0.04273997797714401,0.06592908029997488,0.037106106979917966,0.08241709341999923
878,8780,0.04265894947714125,0.0660928805799631,0.036730024479766143,0.08391043561998231
879,8790,0.04291579863571834,0.06611488599992299,0.03708423463991494,0.08116673952001292
880,8800,0.04293193049142896,0.06629664098007197,0.0370982552197529,0.0848481250399982
881,8810,0.04286278915143027,0.06662832072004676,0.03724339540000073,0.07927661863999674
882,8820,0.043043973764290845,0.06647072336003476,0.03862742044017068,0.07588005786000393
883,8830,0.04309817166428599,0.06634780404005142,0.037603705180081305,0.07545741685999019
884,8840,0.04324839345142599,0.06664713062004012,0.037720954899850764,0.07542209944000206
885,8850,0.043207125497140494,0.06654647241994098,0.03769515963998856,0.07832742276000318
886,8860,0.043133386274288824,0.06654795615992043,0.037824173920089375,0.07649106694000693
887,8870,0.04305214028714285,0.06672901607998938,0.03744944060003036,0.0770867645799899
888,8880,0.04325479698999906,0.06682308180003019,0.037760170860128714,0.07915649275999385
889,8890,0.04331518217571232,0.06697635773998627,0.037494127700047106,0.07624320145999264
890,8900,0.043308016631425354,0.06703444820006552,0.037235549540055216,0.07924403136000364
891,8910,0.0433305439371361,0.06733262579997244,0.038194497560034506,0.07657373048000408
892,8920,0.04359058275428262,0.06725045681996562,0.03805859425992821,0.07697350475998974
893,8930,0.04330493453428581,0.06711350890000176,0.03793892137997318,0.0815886070599845
894,8940,0.043618852348572545,0.06738521746003243,0.038085251760203394,0.0829620173999956
895,8950,0.043574974974284746,0.06747543421995943,0.03794347860020934,0.07701619925999695
896,8960,0.04343697446142999,0.06739427003994933,0.0377015210398531,0.08003376484
897,8970,0.04361723813000416,0.06737216752000677,0.03783063676004531,0.07906554068000332
898,8980,0.04381532578999863,0.06778199848013174,0.03836432923999382,0.08114097976000266
899,8990,0.043676127722862605,0.06774214461998782,0.03793601777986623,0.07793043432000558
900,9000,0.04371611158428485,0.06781009104008263,0.03998221077999915,0.0818209073000071
901,9010,0.04386810302428785,0.06782420061994344,0.04115443143993616,0.077435808800019
902,9020,0.043749522392858384,0.0678912631199637,0.04107325487988419,0.07713693494000837
903,9030,0.04403637665428635,0.06828901841989136,0.04120211076005944,0.07840859329999147
904,9040,0.044062401328571595,0.06840967714000726,0.04116185314007453,0.07842298448000293
905,9050,0.04396722867571693,0.06807787264006038,0.04098431184014771,0.07775986522000494
906,9060,0.04433733212142345,0.06850400141993304,0.04146094502022606,0.08129995690002033
907,9070,0.043988790077143805,0.06912273358000676,0.04311194639987661,0.0798215638000056
908,9080,0.043947871604289375,0.06860043220003717,0.04037876622009208,0.07871120133997464
909,9090,0.04421817937285596,0.06862367811998411,0.04007977765984833,0.08028332528002466
910,9100,0.04430183364571609,0.0690199322999979,0.03914292059984291,0.07866772521999336
911,9110,0.04423617172285178,0.06875972299996647,0.0389486364799086,0.0782179066200024
912,9120,0.04443762487713944,0.06899268974004372,0.03872153428004822,0.08165210880001723
913,9130,0.04436677999713928,0.06890070689994901,0.03846820567981922,0.07836421960000735
914,9140,0.04444426860142942,0.06869854475997272,0.03848325741986628,0.07845266589998573
915,9150,0.04451014888857181,0.0689783773599629,0.03819194946016068,0.0788690501000201
916,9160,0.04451971839714263,0.06900033460005943,0.03897843396000099,0.07972407403999568
917,9170,0.044433124451427705,0.06891123868008435,0.03831892529997276,0.07819763059998877
918,9180,0.04474187783285223,0.06938199085998349,0.038277827120036814,0.07846655581999584
919,9190,0.04452578212427657,0.06972655710000254,0.03822562337998534,0.07951531796000381
920,9200,0.044711865385709516,0.06943434469998465,0.038397468020120874,0.07948666514000251
921,9210,0.04480313544999912,0.06946433315992182,0.03839987347993883,0.08100660326000252
922,9220,0.044927981978580646,0.0701287042000331,0.03866592551989015,0.07892744687999767
923,9230,0.04485662119428265,0.06995128137990833,0.0384674468600133,0.08106026482001652
924,9240,0.045071054420004655,0.06985957792006957,0.03854613518007682,0.08366131855999812
925,9250,0.04496933034142525,0.06997226708001107,0.038511746600124755,0.08084773533999395
926,9260,0.045050817295720795,0.07026470647993846,0.03875877000013134,0.08224425759999576
927,9270,0.045398934828574836,0.07032383913996455,0.04010199915981502,0.08631831300000158
928,9280,0.04518614160000912,0.07023284876006072,0.04033102957997471,0.08613750231998893
929,9290,0.045191206862852724,0.06999861438001972,0.039318754239793634,0.0875390714200148
930,9300,0.045395465692854485,0.07046023580005567,0.039092548619810256,0.08529086016000292
931,9310,0.045213464061421946,0.07028174616003525,0.0397482651800965,0.08630659114000082
932,9320,0.04519148883571948,0.07029144626001653,0.03945466276010848,0.08671188205999897
933,9330,0.0452860390128574,0.07050026691991661,0.03901104000004125,0.09342097757998999
934,9340,0.0457310406400055,0.07079407766002987,0.03897325623998767,0.08654069442000037
935,9350,0.045463429758570525,0.07045338271986111,0.04099967062007635,0.08731748153999433
936,9360,0.04570866927715023,0.07071991363998678,0.039134731380036106,0.0873798289000024
937,9370,0.045549235437138125,0.070863620980017,0.03914117316002376,0.08536671282000498
938,9380,0.04573497867428939,0.0709490610400826,0.03919792468019295,0.08775200334001966
939,9390,0.04575214161428448,0.07088204594001582,0.04010956108017126,0.08678958347999469
940,9400,0.04569548997857055,0.07108467838006619,0.04105441922030877,0.08719519776001107
941,9410,0.045773679355713415,0.07132667334008147,0.04028274499985855,0.08897573522001039
942,9420,0.045868288398565445,0.07214937467993877,0.0398898508399725,0.08784589702000631
943,9430,0.04582591060713769,0.07196362705995854,0.03958012682007393,0.0858581819600022
944,9440,0.04589373797857011,0.07130966607997834,0.03946266642014962,0.09031904196000141
945,9450,0.046030397092851796,0.07202575808005349,0.040571817559975895,0.09380050870000559
946,9460,0.04629469542714754,0.07185397765992092,0.04073374191997573,0.08779511713998545
947,9470,0.04589616295714742,0.07168986373995721,0.0440431648401136,0.08717522896000447
948,9480,0.04611124976713784,0.07146909358016273,0.04019615974000772,0.08898798106001778
949,9490,0.046139264727145406,0.07346866696003417,0.039900347460206834,0.08774283631999424
950,9500,0.046172324527147535,0.07349388334005198,0.04083060044009471,0.08722222469998997
951,9510,0.04629762057999739,0.07178767746016093,0.039748616239958214,0.08774435778001134
952,9520,0.046393053398574656,0.07197894375996838,0.04004962399994838,0.08669627930001297
953,9530,0.046229052062860446,0.07166368939993845,0.03997289893988636,0.08599977185999705
954,9540,0.04650585518856782,0.07176940825993369,0.040040903279877964,0.08467448798000078
955,9550,0.046491081247149846,0.07263078383992252,0.040119620519981254,0.08339690490000976
956,9560,0.04639163288142299,0.07246356998002738,0.040023755480069666,0.08281075708001481
957,9570,0.04669470286713996,0.0725136323798506,0.04011719671994797,0.082622072940012
958,9580,0.04674522393713622,0.07218388233995938,0.040174983859906206,0.08221935231999851
959,9590,0.04669128315999322,0.07281451808004931,0.04018713081983151,0.08449240448000636
960,9600,0.046776773610009904,0.07258685241984494,0.04002771935993223,0.08307153636000295
961,9610,0.04658325527714624,0.07272790058013925,0.04094174117999501,0.0836464146199978
962,9620,0.04675966491570372,0.07270540441990306,0.04119408919999842,0.08491999857999873
963,9630,0.046820255227134365,0.0727683490200434,0.040816488499840486,0.08486876705999749
964,9640,0.046804126814292565,0.0727657957399788,0.04038357718003681,0.08367856946000757
965,9650,0.046886053489995125,0.07286373753995576,0.04060680697992211,0.08748209952001161
966,9660,0.047163225618569414,0.07307463541998004,0.040709680480067616,0.08346506473999397
967,9670,0.046910395397145685,0.07332005640004355,0.04122754210009589,0.08282371691999288
968,9680,0.04699621736999688,0.07310472943994682,0.040968251379963475,0.08429722769999899
969,9690,0.047240258812848226,0.07323481611994793,0.041000975620117966,0.08349797459998626
970,9700,0.04739740430429395,0.07360373258001346,0.04087235203973251,0.08384512777999589
971,9710,0.04718767462141841,0.07357693750003819,0.04084264698016341,0.08374299171998245
972,9720,0.04727102078856531,0.07335415024004761,0.0406184046198905,0.0841606070799935
973,9730,0.04721551217285846,0.07364806661993498,0.04088205324034789,0.0848587193000003
974,9740,0.04741456556715483,0.07408167741996294,0.04085651629982749,0.08423331753999264
975,9750,0.0475413919300159,0.07436686166001891,0.040863229459937436,0.08553290902000299
976,9760,0.04764074901428622,0.07431612563996168,0.04085344568011351,0.08406405256000653
977,9770,0.047638304764285364,0.07438423666011659,0.0412034939599107,0.08316406240000106
978,9780,0.04772303249571581,0.0745681378000154,0.041305399380071314,0.08486241166001492
979,9790,0.047520994608572176,0.07493272440005967,0.04152397323996411,0.08443780401999902
980,9800,0.047599735135720814,0.07488082215997566,0.04117574062009226,0.08757471895999516
981,9810,0.04790765943571127,0.07459343180002179,0.04112013259989908,0.08892446712000493
982,9820,0.04790741084715201,0.07408067256008508,0.04126611388011952,0.08543344963998607
983,9830,0.04796395836143347,0.07405461876005574,0.041395983019901904,0.08535969265999484
984,9840,0.04808492793856463,0.07470110504000331,0.041440341660054406,0.0859068799599936
985,9850,0.04790940956857022,0.07415375005992246,0.04225616256007925,0.08765537625999968
986,9860,0.0480136349271353,0.0757332529800624,0.04353532122011529,0.0863012869800059
987,9870,0.04811204116715089,0.07597796709997055,0.04216963602026226,0.08580683263999163
988,9880,0.04816127211429245,0.07533712934011419,0.041524770120158795,0.08545408753999253
989,9890,0.04802217649000211,0.07506137730008049,0.04157355704010115,0.0856196149600055
990,9900,0.04843086796142805,0.07505986441989079,0.04164715107981465,0.08567632145999596
991,9910,0.04816554149428807,0.07466162204000285,0.0426665457400668,0.08588351374000922
992,9920,0.04822922371999344,0.0748634820800362,0.04250574535995838,0.08703509563999431
993,9930,0.048356716984276966,0.07474704486012343,0.04204096199973719,0.08636965262000558
994,9940,0.048595818178572316,0.07491789444015012,0.041774086039949906,0.08524980463998873
995,9950,0.04854769707571644,0.07528918838004757,0.0418932470800064,0.0863074112800041
996,9960,0.04855952759999906,0.07528799777996029,0.041836356480052926,0.08631854616000055
997,9970,0.04860281148142219,0.07686349823990894,0.04190079335981863,0.08574403246000657
998,9980,0.04844562858284917,0.07608372632006649,0.04211937040017801,0.08542455345998859
999,9990,0.048637028245715815,0.07600981358009448,0.04217574134003371,0.08606020865999199
